2014 01 02 00 03
2014 01 03 21 34
2014 01 05 20 37
2014 01 05 22 56
2014 01 08 02 44
2014 01 08 17 38
2014 01 09 08 46
2014 01 11 20 33
2014 01 12 00 08
2014 01 12 07 11
2014 01 13 17 49
2014 01 14 08 41
2014 01 16 15 39
2014 01 16 21 55
2014 01 18 12 22
2014 01 21 04 10
2014 01 21 05 15
2014 01 21 10 01
2014 01 22 03 15
2014 01 22 22 31
2014 01 23 07 00
2014 01 23 12 33
2014 01 24 08 49
2014 01 25 15 35
2014 01 28 13 14
2014 01 28 23 01
2014 02 02 08 24
2014 02 04 15 08
2014 02 04 22 25
2014 02 05 01 53
2014 02 05 05 14
2014 02 05 23 39
2014 02 07 06 55
2014 02 07 16 14
2014 02 07 21 48
2014 02 07 23 22
2014 02 08 14 29
2014 02 09 11 35
2014 02 09 23 06
2014 02 11 10 15
2014 02 12 00 37
2014 02 13 05 34
2014 02 15 05 50
2014 02 20 08 33
2014 02 21 21 18
2014 02 23 13 05
2014 02 26 22 13
2014 02 28 00 24
2014 03 01 20 23
2014 03 03 02 25
2014 03 04 20 36
2014 03 11 20 11
2014 03 14 11 44
2014 03 15 23 29
2014 03 24 14 33
2014 03 26 13 01
2014 03 27 02 10
2014 03 27 08 21
2014 03 27 10 27
2014 03 27 15 00
2014 03 28 07 52
2014 04 01 15 35
2014 04 02 05 01
2014 04 03 01 39
2014 04 03 18 12
2014 04 04 05 28
2014 04 08 17 14
2014 04 08 20 56
2014 04 08 22 56
2014 04 13 11 46
2014 04 13 21 23
2014 04 16 15 49
2014 04 17 15 58
2014 04 18 07 09
2014 04 20 05 31
2014 04 21 15 27
2014 04 25 04 42
2014 04 26 02 12
2014 04 26 19 15
2014 05 01 08 14
2014 05 01 14 21
2014 05 04 16 29
2014 05 07 17 52
2014 05 07 22 33
2014 05 09 00 00
2014 05 09 22 53
2014 05 10 02 57
2014 05 10 12 49
2014 05 10 14 33
2014 05 17 15 28
2014 05 19 22 21
2014 05 20 00 37
2014 05 21 04 36
2014 05 22 04 51
2014 05 23 15 13
2014 05 24 13 29
2014 05 24 15 43
2014 05 25 07 02
2014 06 01 02 06
2014 06 02 01 16
2014 06 03 00 10
2014 06 08 03 05
2014 06 11 16 27
2014 06 13 17 51
2014 06 13 19 48
2014 06 16 02 48
2014 06 19 11 47
2014 06 23 15 10
2014 06 27 23 39
2014 07 01 16 12
2014 07 01 19 06
2014 07 01 20 44
2014 07 02 01 38
2014 07 02 22 03
2014 07 03 01 22
2014 07 04 12 23
2014 07 05 13 05
2014 07 06 01 09
2014 07 06 22 10
2014 07 07 06 02
2014 07 11 04 10
2014 07 12 10 09
2014 07 12 21 27
2014 07 13 03 25
2014 07 13 11 07
2014 07 16 20 49
2014 07 21 03 36
2014 07 21 11 53
2014 07 23 00 45
2014 07 25 23 27
2014 07 26 04 23
2014 07 26 12 19
2014 07 26 21 26
2014 07 27 16 16
2014 07 28 01 55
2014 07 28 22 35
2014 08 01 20 51
2014 08 02 20 01
2014 08 03 08 45
2014 08 03 20 17
2014 08 04 03 54
2014 08 05 09 02
2014 08 08 05 25
2014 08 12 01 03
2014 08 16 18 48
2014 08 18 19 31
2014 08 19 19 42
2014 08 20 08 02
2014 08 20 20 05
2014 08 21 15 48
2014 08 24 05 50
2014 08 27 08 21
2014 09 04 05 23
2014 09 04 05 43
2014 09 05 00 20
2014 09 05 06 17
2014 09 05 14 31
2014 09 05 21 22
2014 09 08 20 27
2014 09 09 14 32
2014 09 11 15 15
2014 09 13 21 06
2014 09 15 22 57
2014 09 16 21 10
2014 09 17 10 32
2014 09 17 17 43
2014 09 20 18 31
2014 09 23 08 32
2014 09 24 14 23
2014 09 24 14 52
2014 09 26 06 01
2014 09 27 04 06
2014 09 27 06 45
2014 10 01 21 16
2014 10 02 02 54
2014 10 07 05 20
2014 10 07 11 08
2014 10 07 17 23
2014 10 07 19 25
2014 10 08 05 50
2014 10 08 19 42
2014 10 09 10 26
2014 10 10 19 00
2014 10 11 10 04
2014 10 12 16 25
2014 10 14 20 36
2014 10 15 16 16
2014 10 16 05 19
2014 10 16 21 15
2014 10 18 01 25
2014 10 21 06 02
2014 10 21 13 37
2014 10 21 23 32
2014 10 23 07 27
2014 10 24 06 03
2014 10 25 08 31
2014 10 25 14 28
2014 10 28 02 55
2014 10 28 03 40
2014 11 01 06 40
2014 11 02 03 09
2014 11 02 08 41
2014 11 03 08 11
2014 11 03 20 49
2014 11 08 06 19
2014 11 08 18 12
2014 11 10 02 43
2014 11 10 02 52
2014 11 11 08 28
2014 11 12 21 21
2014 11 13 10 55
2014 11 16 13 06
2014 11 17 15 22
2014 11 17 17 02
2014 11 19 07 01
2014 11 20 20 06
2014 11 22 05 46
2014 11 22 20 38
2014 11 27 06 04
2014 11 27 18 02
2014 11 28 02 00
2014 11 28 11 00
2014 11 28 21 18
2014 12 01 07 51
2014 12 02 09 49
2014 12 03 06 13
2014 12 05 16 58
2014 12 06 16 32
2014 12 06 19 48
2014 12 06 19 56
2014 12 07 07 40
2014 12 08 11 05
2014 12 08 19 33
2014 12 09 10 16
2014 12 09 23 22
2014 12 11 10 03
2014 12 11 10 59
2014 12 12 13 07
2014 12 14 08 24
2014 12 14 09 10
2014 12 16 11 24
2014 12 17 13 39
2014 12 19 21 30
2014 12 23 01 10
2014 12 24 09 03
2014 12 25 09 45
2014 12 26 21 01
2014 12 27 03 30
2014 12 28 12 14
2015 01 01 07 05
2015 01 01 08 52
2015 01 01 11 03
2015 01 02 10 22
2015 01 03 15 28
2015 01 06 01 22
2015 01 07 06 36
2015 01 09 15 56
2015 01 13 08 46
2015 01 13 19 08
2015 01 14 22 19
2015 01 15 01 37
2015 01 16 14 51
2015 01 16 23 28
2015 01 17 14 16
2015 01 21 04 42
2015 01 22 12 39
2015 01 24 05 25
2015 01 26 20 21
2015 01 26 22 48
2015 01 27 18 49
2015 02 01 15 21
2015 02 07 23 33
2015 02 11 04 42
2015 02 12 20 28
2015 02 14 12 13
2015 02 15 18 50
2015 02 16 06 29
2015 02 17 08 01
2015 02 18 16 53
2015 02 19 09 05
2015 02 21 03 04
2015 02 22 03 18
2015 02 25 01 22
2015 02 25 09 29
2015 02 26 08 22
2015 02 27 13 12
2015 02 28 05 07
2015 02 28 05 30
2015 02 28 16 43
2015 03 01 04 34
2015 03 01 13 45
2015 03 02 17 13
2015 03 03 05 25
2015 03 04 17 25
2015 03 06 08 36
2015 03 06 10 14
2015 03 07 09 30
2015 03 08 01 59
2015 03 09 12 32
2015 03 09 18 21
2015 03 12 00 58
2015 03 17 15 06
2015 03 19 13 12
2015 03 20 21 53
2015 03 22 05 10
2015 03 23 06 54
2015 03 25 03 51
2015 03 27 06 04
2015 04 01 00 42
2015 04 02 17 35
2015 04 03 01 30
2015 04 03 15 44
2015 04 04 13 01
2015 04 04 18 53
2015 04 05 18 21
2015 04 06 17 35
2015 04 07 07 48
2015 04 08 22 03
2015 04 09 14 46
2015 04 11 11 58
2015 04 13 16 32
2015 04 14 15 44
2015 04 16 01 25
2015 04 19 14 55
2015 04 26 02 50
2015 04 27 10 34
2015 04 28 15 58
2015 05 02 21 33
2015 05 05 06 24
2015 05 07 22 43
2015 05 08 01 52
2015 05 10 05 44
2015 05 11 03 24
2015 05 12 11 28
2015 05 13 19 56
2015 05 15 01 16
2015 05 16 22 06
2015 05 17 11 02
2015 05 19 05 22
2015 05 20 07 27
2015 05 20 10 13
2015 05 20 23 16
2015 05 21 14 51
2015 05 22 23 54
2015 05 24 11 18
2015 05 26 06 33
2015 05 27 07 26
2015 05 28 09 15
2015 06 01 04 39
2015 06 01 22 38
2015 06 03 10 26
2015 06 06 21 35
2015 06 07 15 46
2015 06 08 08 51
2015 06 09 00 29
2015 06 11 14 31
2015 06 11 23 52
2015 06 13 07 42
2015 06 14 02 24
2015 06 16 01 58
2015 06 16 14 29
2015 06 16 21 12
2015 06 17 00 59
2015 06 17 09 40
2015 06 18 05 03
2015 06 19 13 42
2015 06 21 05 09
2015 06 21 22 18
2015 06 23 18 41
2015 06 24 22 34
2015 06 26 20 07
2015 06 28 17 22
2015 07 01 05 37
2015 07 03 07 50
2015 07 04 03 36
2015 07 04 13 24
2015 07 05 09 27
2015 07 06 03 15
2015 07 09 03 38
2015 07 10 08 41
2015 07 16 14 19
2015 07 17 04 17
2015 07 17 23 27
2015 07 19 21 21
2015 07 21 13 51
2015 07 21 16 48
2015 07 24 04 33
2015 07 24 21 09
2015 07 26 20 28
2015 08 03 03 25
2015 08 05 20 11
2015 08 08 00 09
2015 08 10 14 17
2015 08 10 14 31
2015 08 13 16 15
2015 08 13 22 20
2015 08 18 06 04
2015 08 18 18 15
2015 08 19 06 03
2015 08 20 13 22
2015 08 20 21 28
2015 08 21 13 40
2015 08 24 01 57
2015 08 25 01 00
2015 08 25 05 27
2015 08 25 07 42
2015 09 01 04 48
2015 09 05 17 39
2015 09 06 00 41
2015 09 07 23 25
2015 09 08 02 20
2015 09 08 20 11
2015 09 12 23 02
2015 09 13 14 59
2015 09 15 13 21
2015 09 18 14 05
2015 09 18 14 49
2015 09 24 08 06
2015 09 25 04 05
2015 09 26 16 52
2015 09 27 16 51
2015 09 27 17 24
2015 10 01 07 00
2015 10 02 11 15
2015 10 03 19 21
2015 10 05 01 07
2015 10 07 06 44
2015 10 07 16 24
2015 10 08 02 20
2015 10 08 18 44
2015 10 09 21 47
2015 10 10 15 19
2015 10 10 16 47
2015 10 11 16 06
2015 10 12 16 49
2015 10 12 18 09
2015 10 12 20 54
2015 10 19 00 54
2015 10 19 04 03
2015 10 19 08 05
2015 10 21 15 43
2015 10 23 11 30
2015 10 25 01 50
2015 10 25 18 35
2015 10 26 19 26
2015 10 28 23 23
2015 11 02 10 26
2015 11 03 07 32
2015 11 04 22 14
2015 11 09 13 02
2015 11 09 19 39
2015 11 10 12 31
2015 11 10 13 20
2015 11 12 16 04
2015 11 13 06 21
2015 11 13 19 30
2015 11 14 07 09
2015 11 15 17 33
2015 11 16 00 08
2015 11 18 16 09
2015 11 19 20 23
2015 11 26 15 49
2015 11 27 13 00
2015 11 28 10 55
2015 12 01 09 13
2015 12 02 13 20
2015 12 02 17 02
2015 12 04 12 34
2015 12 05 04 05
2015 12 05 11 54
2015 12 05 20 15
2015 12 06 00 42
2015 12 07 10 18
2015 12 09 21 49
2015 12 11 08 09
2015 12 11 12 43
2015 12 11 19 22
2015 12 12 14 54
2015 12 12 15 09
2015 12 14 06 44
2015 12 15 05 06
2015 12 17 15 11
2015 12 18 14 50
2015 12 19 00 00
2015 12 20 17 43
2015 12 21 01 08
2015 12 23 08 29
2015 12 23 09 53
2015 12 24 15 59
2015 12 27 19 18
2016 01 01 06 59
2016 01 01 14 30
2016 01 01 14 53
2016 01 02 06 03
2016 01 02 20 24
2016 01 03 21 31
2016 01 04 07 42
2016 01 04 22 22
2016 01 05 01 57
2016 01 05 09 41
2016 01 05 19 54
2016 01 07 14 52
2016 01 08 16 41
2016 01 10 12 06
2016 01 10 18 14
2016 01 10 19 22
2016 01 11 02 51
2016 01 11 03 36
2016 01 11 07 14
2016 01 11 13 52
2016 01 11 18 20
2016 01 13 10 18
2016 01 13 23 04
2016 01 13 23 35
2016 01 14 20 31
2016 01 16 04 51
2016 01 16 19 15
2016 01 17 23 46
2016 01 20 12 07
2016 01 22 08 22
2016 01 22 13 28
2016 01 23 02 37
2016 01 23 21 33
2016 01 25 02 47
2016 01 25 08 03
2016 01 25 11 43
2016 01 25 13 52
2016 01 28 23 29
2016 02 04 05 19
2016 02 05 10 28
2016 02 06 09 23
2016 02 09 09 40
2016 02 10 00 57
2016 02 10 17 27
2016 02 13 05 03
2016 02 13 18 31
2016 02 14 00 55
2016 02 14 23 14
2016 02 16 23 04
2016 02 18 19 14
2016 02 20 14 56
2016 02 21 09 29
2016 02 25 05 11
2016 02 28 17 20
2016 03 03 02 34
2016 03 03 16 07
2016 03 03 18 28
2016 03 04 00 14
2016 03 04 02 31
2016 03 05 01 59
2016 03 05 04 10
2016 03 05 07 18
2016 03 08 01 55
2016 03 09 06 02
2016 03 10 08 50
2016 03 10 14 26
2016 03 11 01 31
2016 03 12 20 08
2016 03 13 12 15
2016 03 15 04 53
2016 03 16 03 12
2016 03 17 01 27
2016 03 18 11 45
2016 03 18 22 10
2016 03 20 06 25
2016 03 22 20 08
2016 03 22 22 28
2016 03 27 08 44
2016 03 27 15 55
2016 03 28 06 17
2016 04 02 07 57
2016 04 03 20 23
2016 04 06 11 47
2016 04 07 23 57
2016 04 08 08 32
2016 04 08 10 58
2016 04 12 14 15
2016 04 14 00 16
2016 04 15 13 14
2016 04 16 08 31
2016 04 18 00 42
2016 04 18 14 48
2016 04 19 04 49
2016 04 19 11 16
2016 04 21 01 01
2016 04 21 14 04
2016 04 23 12 03
2016 04 25 10 45
2016 04 27 21 01
2016 04 28 19 45
2016 04 28 21 04
2016 05 03 23 29
2016 05 08 07 58
2016 05 10 12 25
2016 05 10 20 53
2016 05 11 02 40
2016 05 12 12 33
2016 05 14 16 23
2016 05 15 20 10
2016 05 15 23 35
2016 05 16 16 43
2016 05 20 04 20
2016 05 22 18 49
2016 05 23 23 01
2016 05 24 03 00
2016 05 24 12 26
2016 05 26 21 09
2016 05 27 05 23
2016 05 27 14 32
2016 05 28 08 05
2016 06 01 22 55
2016 06 01 23 49
2016 06 02 15 19
2016 06 04 08 35
2016 06 07 13 12
2016 06 07 14 12
2016 06 08 09 39
2016 06 08 17 12
2016 06 09 21 54
2016 06 11 02 13
2016 06 11 19 15
2016 06 14 13 54
2016 06 17 00 10
2016 06 17 09 58
2016 06 18 16 03
2016 06 20 00 00
2016 06 21 15 20
2016 06 22 15 29
2016 06 25 04 38
2016 06 25 04 43
2016 06 25 09 25
2016 06 27 13 22
2016 06 28 17 35
2016 06 28 18 04
2016 06 28 18 10
2016 07 01 18 18
2016 07 02 12 16
2016 07 02 21 10
2016 07 03 06 49
2016 07 05 03 21
2016 07 06 21 37
2016 07 07 00 18
2016 07 07 15 13
2016 07 11 01 50
2016 07 13 03 06
2016 07 14 10 58
2016 07 18 01 12
2016 07 19 08 23
2016 07 22 13 21
2016 07 23 12 10
2016 07 24 17 48
2016 07 25 02 24
2016 07 25 05 07
2016 07 28 16 50
2016 08 04 10 43
2016 08 07 17 40
2016 08 07 21 08
2016 08 08 02 33
2016 08 09 01 33
2016 08 09 04 32
2016 08 09 14 12
2016 08 10 13 26
2016 08 10 19 17
2016 08 11 10 07
2016 08 14 20 55
2016 08 16 01 37
2016 08 17 04 12
2016 08 18 11 02
2016 08 19 02 56
2016 08 19 06 49
2016 08 23 01 18
2016 08 23 22 18
2016 08 24 08 04
2016 08 24 08 24
2016 08 24 12 48
2016 08 25 20 00
2016 08 26 04 55
2016 08 27 22 46
2016 09 04 06 30
2016 09 08 00 01
2016 09 11 09 56
2016 09 12 12 37
2016 09 14 01 20
2016 09 21 23 54
2016 09 22 15 08
2016 09 23 06 15
2016 09 24 23 16
2016 09 28 02 56
2016 09 28 19 15
2016 10 02 08 53
2016 10 04 18 06
2016 10 07 21 17
2016 10 12 18 39
2016 10 12 19 12
2016 10 13 19 44
2016 10 13 23 46
2016 10 15 06 44
2016 10 16 19 06
2016 10 17 16 11
2016 10 17 16 41
2016 10 20 14 00
2016 10 22 12 42
2016 10 22 13 16
2016 10 24 00 44
2016 10 25 22 38
2016 10 27 10 52
2016 11 01 19 05
2016 11 02 12 48
2016 11 02 15 55
2016 11 04 04 11
2016 11 05 09 38
2016 11 05 19 11
2016 11 07 11 36
2016 11 08 11 31
2016 11 08 21 20
2016 11 11 16 33
2016 11 12 18 12
2016 11 14 17 06
2016 11 15 18 37
2016 11 16 00 21
2016 11 16 23 19
2016 11 18 23 34
2016 11 19 02 22
2016 11 24 07 11
2016 11 24 07 25
2016 11 25 08 57
2016 11 28 03 34
2016 11 28 19 13
2016 12 01 00 48
2016 12 01 17 01
2016 12 02 08 25
2016 12 04 03 03
2016 12 04 09 57
2016 12 06 15 25
2016 12 08 12 38
2016 12 09 21 17
2016 12 12 16 43
2016 12 14 21 20
2016 12 15 06 53
2016 12 16 03 24
2016 12 16 08 06
2016 12 17 21 34
2016 12 19 09 10
2016 12 19 09 58
2016 12 19 11 45
2016 12 19 13 24
2016 12 19 23 38
2016 12 21 04 16
2016 12 24 16 02
2016 12 26 08 52
2017 01 01 01 29
2017 01 01 09 05
2017 01 01 23 27
2017 01 05 13 48
2017 01 06 19 40
2017 01 07 14 34
2017 01 07 18 56
2017 01 07 19 08
2017 01 08 08 59
2017 01 08 22 55
2017 01 10 12 32
2017 01 10 16 25
2017 01 12 23 42
2017 01 13 01 59
2017 01 13 02 54
2017 01 14 05 55
2017 01 15 16 13
2017 01 16 06 58
2017 01 16 08 33
2017 01 17 17 33
2017 01 18 07 34
2017 01 19 15 25
2017 01 21 10 23
2017 01 25 05 34
2017 01 25 22 22
2017 01 27 09 45
2017 02 02 20 41
2017 02 04 15 40
2017 02 06 04 02
2017 02 06 20 11
2017 02 07 04 35
2017 02 07 14 27
2017 02 07 16 37
2017 02 08 09 32
2017 02 09 12 51
2017 02 12 08 51
2017 02 13 10 29
2017 02 15 04 07
2017 02 15 12 46
2017 02 16 14 33
2017 02 18 02 51
2017 02 19 02 10
2017 02 19 23 07
2017 02 21 16 23
2017 02 23 19 21
2017 02 25 18 12
2017 02 26 12 10
2017 02 27 16 04
2017 02 27 17 37
2017 03 02 03 36
2017 03 02 19 09
2017 03 05 07 13
2017 03 07 09 10
2017 03 08 06 02
2017 03 09 15 32
2017 03 11 19 39
2017 03 14 02 30
2017 03 16 08 57
2017 03 17 21 37
2017 03 21 17 12
2017 03 22 17 07
2017 03 23 09 06
2017 03 24 06 17
2017 03 24 10 04
2017 03 25 01 41
2017 03 25 15 27
2017 03 26 23 20
2017 03 28 12 00
2017 03 28 16 59
2017 04 01 01 58
2017 04 01 12 48
2017 04 02 16 53
2017 04 04 01 03
2017 04 04 23 12
2017 04 07 06 48
2017 04 07 07 01
2017 04 07 21 55
2017 04 08 15 24
2017 04 10 06 28
2017 04 11 12 45
2017 04 12 14 52
2017 04 17 18 30
2017 04 20 06 07
2017 04 20 12 08
2017 04 20 23 36
2017 04 22 20 51
2017 04 23 04 42
2017 04 24 11 03
2017 04 25 01 01
2017 04 26 06 04
2017 04 26 13 36
2017 04 26 19 14
2017 04 28 07 13
2017 05 03 00 45
2017 05 03 01 03
2017 05 03 08 17
2017 05 05 03 23
2017 05 05 17 45
2017 05 08 05 07
2017 05 08 23 06
2017 05 11 16 57
2017 05 11 21 24
2017 05 12 23 24
2017 05 13 16 14
2017 05 15 05 13
2017 05 18 02 18
2017 05 20 18 25
2017 05 22 16 42
2017 05 24 17 05
2017 05 25 23 29
2017 05 26 13 59
2017 05 27 16 11
2017 05 27 19 18
2017 05 27 21 09
2017 05 28 14 47
2017 05 28 16 52
2017 06 01 01 01
2017 06 02 21 25
2017 06 05 14 20
2017 06 07 23 39
2017 06 09 14 21
2017 06 14 18 57
2017 06 15 18 58
2017 06 16 05 13
2017 06 18 03 12
2017 06 19 17 37
2017 06 19 18 16
2017 06 20 02 06
2017 06 22 12 34
2017 06 24 06 36
2017 06 24 11 16
2017 06 25 07 07
2017 06 26 11 58
2017 06 27 02 18
2017 07 02 22 39
2017 07 03 03 42
2017 07 05 08 53
2017 07 05 10 25
2017 07 10 06 56
2017 07 11 04 41
2017 07 12 05 35
2017 07 13 10 45
2017 07 13 10 49
2017 07 17 16 23
2017 07 17 19 20
2017 07 20 21 56
2017 07 23 15 32
2017 07 24 01 45
2017 07 24 21 19
2017 07 26 21 33
2017 08 01 08 56
2017 08 03 07 25
2017 08 04 07 46
2017 08 05 03 05
2017 08 08 14 34
2017 08 13 09 32
2017 08 13 12 38
2017 08 14 14 21
2017 08 14 15 01
2017 08 17 03 46
2017 08 18 06 40
2017 08 18 06 55
2017 08 20 19 22
2017 08 21 15 52
2017 08 23 09 28
2017 08 24 20 21
2017 08 25 22 14
2017 08 26 01 01
2017 08 26 19 17
2017 09 01 07 17
2017 09 01 16 52
2017 09 01 17 27
2017 09 01 17 37
2017 09 01 23 48
2017 09 06 06 13
2017 09 06 08 14
2017 09 07 21 14
2017 09 11 13 49
2017 09 12 03 41
2017 09 12 12 52
2017 09 13 01 15
2017 09 13 03 13
2017 09 15 07 18
2017 09 16 21 22
2017 09 18 06 10
2017 09 20 07 11
2017 09 22 03 17
2017 09 22 08 03
2017 09 22 23 49
2017 09 25 18 50
2017 09 27 14 12
2017 09 28 09 25
2017 09 28 18 49
2017 10 01 09 09
2017 10 02 10 25
2017 10 03 13 08
2017 10 03 21 56
2017 10 04 02 24
2017 10 05 17 54
2017 10 06 07 31
2017 10 06 19 17
2017 10 10 08 29
2017 10 11 13 47
2017 10 11 22 18
2017 10 15 16 16
2017 10 18 16 27
2017 10 21 09 46
2017 10 23 15 13
2017 10 26 16 08
2017 10 26 23 09
2017 10 28 06 08
2017 10 28 17 28
2017 11 02 10 56
2017 11 03 08 35
2017 11 05 21 01
2017 11 08 14 24
2017 11 09 10 03
2017 11 10 13 06
2017 11 10 21 19
2017 11 12 03 27
2017 11 15 08 16
2017 11 15 13 17
2017 11 17 04 37
2017 11 19 01 18
2017 11 19 08 27
2017 11 19 16 26
2017 11 21 08 37
2017 11 25 08 18
2017 11 27 15 50
2017 11 27 16 15
2017 12 03 07 24
2017 12 03 19 27
2017 12 04 05 22
2017 12 04 21 46
2017 12 10 03 13
2017 12 10 16 03
2017 12 10 16 45
2017 12 11 11 16
2017 12 12 05 32
2017 12 12 20 41
2017 12 13 22 25
2017 12 15 04 48
2017 12 16 22 55
2017 12 17 13 05
2017 12 18 14 05
2017 12 20 02 26
2017 12 21 12 22
2017 12 25 12 45
2017 12 27 13 40
2017 12 28 22 54
