2016 01 03 22 50
2016 01 07 18 28
2016 01 13 10 07
2016 01 13 10 43
2016 01 14 01 18
2016 01 18 10 52
2016 01 23 01 52
2016 01 23 20 27
2016 01 27 00 47
2016 01 27 19 36
2016 02 02 19 56
2016 02 04 17 52
2016 02 15 17 33
2016 02 17 04 09
2016 02 17 07 02
2016 02 18 22 15
2016 03 02 22 48
2016 03 04 22 25
2016 03 08 05 08
2016 03 09 16 29
2016 03 11 07 36
2016 03 15 03 30
2016 03 16 19 06
2016 03 18 09 21
2016 03 23 09 22
2016 04 02 07 12
2016 04 05 12 30
2016 04 05 20 57
2016 04 12 03 57
2016 04 19 05 54
2016 04 25 02 14
2016 04 28 13 17
2016 05 02 23 08
2016 05 06 01 48
2016 05 08 16 16
2016 05 08 22 59
2016 05 11 03 03
2016 05 15 11 43
2016 05 17 13 19
2016 05 18 01 02
2016 05 20 03 32
2016 05 24 07 38
2016 05 24 13 09
2016 06 13 22 22
2016 06 14 19 38
2016 06 15 03 10
2016 06 17 16 03
2016 06 25 10 40
2016 06 26 18 09
2016 07 01 23 13
2016 07 07 22 56
2016 07 08 11 05
2016 07 11 13 52
2016 07 13 09 33
2016 07 16 10 20
2016 07 19 12 36
2016 07 20 12 31
2016 07 25 19 59
2016 07 26 17 45
2016 07 27 09 50
2016 07 28 02 26
2016 08 04 15 23
2016 08 05 11 29
2016 08 05 16 38
2016 08 06 12 55
2016 08 07 21 42
2016 08 13 02 03
2016 08 15 05 19
2016 08 17 11 48
2016 08 18 08 22
2016 08 24 20 45
2016 09 10 07 10
2016 09 13 08 02
2016 09 16 02 11
2016 09 18 18 49
2016 09 21 00 04
2016 09 25 08 41
2016 09 28 12 07
2016 10 03 19 34
2016 10 05 21 52
2016 10 07 17 48
2016 10 15 15 54
2016 10 23 12 17
2016 11 06 09 37
2016 11 06 17 12
2016 11 07 09 15
2016 11 09 16 43
2016 11 12 03 22
2016 11 13 08 14
2016 11 22 00 51
2016 11 26 08 43
2016 12 01 03 10
2016 12 06 14 50
2016 12 07 22 00
2016 12 08 10 02
2016 12 10 12 40
2016 12 10 23 40
2016 12 15 23 19
2016 12 18 13 14
2016 12 21 10 25
